F  = -9.330085541826422e-01
FN = DeflectedCorrugatedSpring
NP = 5
P1 = 1.468525000000000e+01
P2 = 1.652112000000000e+01
P3 = 5.760000000000000e+00
P4 = 1.470900000000000e+01
P5 = 1.646200000000000e+01
ERROR = None.